-1109,797;-1690,808;4,375014=122,9616
-821,6062;-1081,885;11,13243=29,3056
-537,8409;-854,5145;29,28953=182,9156
-1315,744;-834,6907;16,96173=311,8347
-1314,786;-835,9669;16,96015=310,3952
-1570,069;-546,6727;34,95547=215,2224
-1571,018;-547,3666;34,95734=218,438
-866,6416;-187,8008;37,84286=123,5083
-867,6165;-186,1373;37,8433=120,8281
-721,1284;-415,5296;34,98175=268,9118
-254,3758;-692,4947;33,63751=159,0533
24,37422;-946,0142;29,35756=339,1346
130,1186;-1292,669;29,26953=300,0509
129,7023;-1291,954;29,26953=303,6002
129,2096;-1291,14;29,26953=298,3779
288,8256;-1282,364;29,64128=271,0125
1077,768;-776,4548;58,23997=186,3605
527,2687;-160,7156;57,08937=272,5496
-867,5897;-186,1757;37,84291=117,088
-866,6556;-187,7766;37,84278=118,6207
-1205,024;-326,2916;37,83985=117,6146
-1205,703;-324,7474;37,85942=117,3035
-1570,167;-546,7214;34,95663=216,3378
-1571,056;-547,3947;34,95724=213,4567
-57,64693;-92,66162;57,77995=295,8091
527,3583;-160,6381;57,0933=271,9661
-165,1658;234,8314;94,92194=90,9362
-165,1503;232,7887;94,92194=94,44688
-2072,445;-317,3048;13,31597=269,9654
-3241,082;997,5428;12,55044=40,48888
-1091,462;2708,637;18,95291=44,16092
1172,492;2702,492;38,17477=359,9989
1171,537;2702,492;38,17542=359,9672
1822,637;3683,131;34,27678=207,7707
1686,753;4815,806;42,00874=272,3396
1701,209;6426,569;32,76408=65,12852
-95,54314;6457,19;31,46093=46,20586
-97,23336;6455,469;31,46682=49,50279
-386,7451;6046,102;31,50172=315,2239
-1091,42;2708,629;18,95568=46,68598
5,132f;-919,7711f;29,55953f=250,4304